phi, e_xx, e_yy, e_zz, e_yz, e_xz, e_xy
0, -0.00049266, 0.0018786600000000005, -0.00049266, 0.0, 0.0, 0.0
1, -0.0004025591278656147, 0.0018824873608194671, -0.0005867242929628413, 0.0, 0.0, 0.000107307100758569
2, -0.00032062206742792187, 0.0018940277328594816, -0.0006806098640223202, 0.0, 0.0, 0.0002177299084856579
3, -0.00024701183420264636, 0.0019134156575042996, -0.000774288114724002, 0.0, 0.0, 0.0003307522297759883
4, -0.0001818658163268397, 0.0019407601947511932, -0.0008677305097652416, 0.0, 0.0, 0.00044584977251553717
5, -0.00012529541759599341, 0.001976144574876586, -0.0009609085856873125, 0.0, 0.0, 0.0005624916482703186
6, -7.738577257062967e-05, 0.002019625922124575, -0.0010537939595456525, 0.0, 0.0, 0.000680141893031894
7, -3.819553452699282e-05, 0.0020712350511898356, -0.0011463583375555836, 0.0, 0.0, 0.0007982610021313578
8, -7.756736826572816e-06, 0.00213097633706704, -0.0012385735237108726, 0.0, 0.0, 0.0009163074750946526
9, 1.3925271922308465e-05, 0.0021988276586374605, -0.0013304114283725083, 0.0, 0.0, 0.001033739366184721
10, 2.687181874012007e-05, 0.002274740416160883, -0.0014218440768250767, 0.0, 0.0, 0.0011500158363603732
11, 3.113082322121012e-05, 0.002358639622638057, -0.0015128436177981317, 0.0, 0.0, 0.001264598702377789
12, 2.677664078350725e-05, 0.0024504240688059905, -0.0016033823319499597, 0.0, 0.0, 0.0013769539787683587
13, 1.390983266020163e-05, 0.0025499665613262033, -0.0016934326403111625, 0.0, 0.0, 0.0014865534084460472
14, -7.3431367281619445e-06, 0.002657114233525037, -0.001782967112685476, 0.0, 0.0, 0.0015928759777285814
15, -3.6830274183479365e-05, 0.002771688927845832, -0.0018719584760052755, 0.0, 0.0, 0.0016954094115994576
16, -7.437450288708014e-05, 0.002893487648975833, -0.001960379622639215, 0.0, 0.0, 0.0017936516450918882
17, -0.00011977417707506397, 0.0030222830864165564, -0.0020482036186494747, 0.0, 0.0, 0.0018871122667412303
18, -0.00017280366481238176, 0.0031578242050755937, -0.002135403711996099, 0.0, 0.0, 0.001975313930128992
19, -0.000233213997259135, 0.0032998369022709585, -0.00222195334068593, 0.0, 0.0, 0.00205779372962895
20, -0.000300733582640116, 0.003448024729356642, -0.002307826140863642, 0.0, 0.0, 0.0021341045365640314
21, -0.0003750689829510462, 0.00360206967600049, -0.0023929959548424336, 0.0, 0.0, 0.002203816292091125
22, -0.0004559057512627563, 0.0037616330149733575, -0.0024774368390719083, 0.0, 0.0, 0.002266517253249609
23, -0.0005429093273182852, 0.00392635620514222, -0.0025611230720407312, 0.0, 0.0, 0.0023218151887377594
24, -0.000635725988957827, 0.004095861850199923, -0.002644029162111655, 0.0, 0.0, 0.002369338521119034
25, -0.0007339838567532897, 0.004269754710511123, -0.0027261298552865134, 0.0, 0.0, 0.002408737412307059
26, -0.0008372939490880978, 0.004447622765307834, -0.002807400142898839, 0.0, 0.0, 0.0024396847893336866
27, -0.0009452512847794695, 0.004629038322329647, -0.002887815269231741, 0.0, 0.0, 0.0024618773075681757
28, -0.0010574360302098421, 0.004813559171873177, -0.0029673507390587414, 0.0, 0.0, 0.002475036248727053
29, -0.0011734146878119311, 0.0050007297820930914, -0.0030459823251052518, 0.0, 0.0, 0.0024789083511930006
30, -0.0012927413226383774, 0.005190082532283609, -0.0031236860754284414, 0.0, 0.0, 0.0024732665703467035
31, -0.0014149588236423408, 0.0053811389807647955, -0.0032004383207132293, 0.0, 0.0, 0.002457910766807487
32, -0.0015396001962000906, 0.005573411163902659, -0.003276215681482186, 0.0, 0.0, 0.002432668320676245
33, -0.0016661898823207844, 0.0057664029227063, -0.0033509950752171496, 0.0, 0.0, 0.0023973946700770496
34, -0.001794245104912623, 0.005959611253369328, -0.003424753723390384, 0.0, 0.0, 0.002351973772501428
35, -0.0019232772324083726, 0.00615252767805664, -0.0034974691584031383, 0.0, 0.0, 0.0022963184876709465
36, -0.002052793159997347, 0.006344639632181763, -0.003569119230429499, 0.0, 0.0, 0.002230370880848971
37, -0.002182296703665188, 0.006535431864374275, -0.003639682114163437, 0.0, 0.0, 0.0021541024457506115
38, -0.0023112900032075624, 0.006724387845301599, -0.003709136315467008, 0.0, 0.0, 0.0020675142464203385
39, -0.002439274930359092, 0.0069109911814847404, -0.0037774606779176776, 0.0, 0.0, 0.0019706369776689705
40, -0.002565754498164701, 0.0070947270302333795, -0.0038446343892527698, 0.0, 0.0, 0.0018635309438850985
41, -0.002690234267716941, 0.007275083511822238, -0.003910636987709087, 0.0, 0.0, 0.0017462859562598302
42, -0.002812223748389992, 0.007451553115037723, -0.003975448368255756, 0.0, 0.0, 0.0016190211486875226
43, -0.002931237787718681, 0.007623634092241573, -0.004039048788718421, 0.0, 0.0, 0.0014818847128282048
44, -0.0030467979470990628, 0.007790831840126491, -0.004101418875792899, 0.0, 0.0, 0.0013350535530390856
45, -0.0031584338595259517, 0.007952660262377616, -0.004162539630946473, 0.0, 0.0, 0.001178732862102352
46, -0.0032656845656317194, 0.008108643110502594, -0.004222392436205035, 0.0, 0.0, 0.0010131556188936993
47, -0.0033680998243501977, 0.008258315299152726, -0.004280959059824294, 0.0, 0.0, 0.000838582009350134
48, -0.003465241394598823, 0.008401224192326796, -0.004338221661843348, 0.0, 0.0, 0.0006552987723060007
49, -0.0035566842844515197, 0.008536930856928807, -0.004394162799518909, 0.0, 0.0, 0.00046361847197229193
50, -0.00364201796436384, 0.008665011280239738, -0.004448765432638525, 0.0, 0.0, 0.00026387869903551735
51, -0.003720847541110234, 0.008785057547961899, -0.004502012928711201, 0.0, 0.0, 5.644120254827396e-05
52, -0.0037927948892009606, 0.008896678979602198, -0.004553889068033813, 0.0, 0.0, -0.00015830904502650548
53, -0.0038574997366625243, 0.008999503218076963, -0.004604378048631789, 0.0, 0.0, -0.00037996484707218664
54, -0.003914620702190626, 0.009093177270546123, -0.00465346449107254, 0.0, 0.0, -0.0006080978436541097
55, -0.003963836280817632, 0.00917736849761766, -0.0047011334431501855, 0.0, 0.0, -0.0008422596310434494
56, -0.004004845775377796, 0.0092517655482045, -0.004747370384440147, 0.0, 0.0, -0.0010819829368773606
57, -0.004037370171201776, 0.009316079237464298, -0.004792161230722198, 0.0, 0.0, -0.0013267828477507829
58, -0.004061152951627629, 0.009370043365408382, -0.004835492338270663, 0.0, 0.0, -0.001576158085891364
59, -0.004075960852077523, 0.009413415473928096, -0.004877350508010424, 0.0, 0.0, -0.00182959233143418
60, -0.0040815845506178205, 0.009445977540155309, -0.0049177229895374895, 0.0, 0.0, -0.00208655558668776
61, -0.004077839293094102, 0.009467536604247853, -0.0049565974850028895, 0.0, 0.0, -0.002346505578667564
62, -0.004064565451112074, 0.00947792532986994, -0.00499396215285872, 0.0, 0.0, -0.0026088891960679133
63, -0.004041629011319213, 0.009477002495821731, -0.005029805611465193, 0.0, 0.0, -0.0028731439567488276
64, -0.004008921994630343, 0.009464653417460488, -0.005064116942557592, 0.0, 0.0, -0.0031386995017302225
65, -0.003966362804232222, 0.009440790296747742, -0.005096885694572085, 0.0, 0.0, -0.0034049791116131105
66, -0.003913896501397465, 0.009405352499952172, -0.005128101885829372, 0.0, 0.0, -0.003671401241285663
67, -0.003851495008335912, 0.009358306762235718, -0.005157756007575197, 0.0, 0.0, -0.003937381068721647
68, -0.0037791572375115074, 0.009299647318550487, -0.005185839026876809, 0.0, 0.0, -0.004202332053639839
69, -0.0036969091470543222, 0.009229395960475603, -0.005212342389374483, 0.0, 0.0, -0.004465667501765741
70, -0.0036048037220998354, 0.009147602018825647, -0.005237258021887261, 0.0, 0.0, -0.004726802130421298
71, -0.003502920882090659, 0.00905434227206553, -0.0052605783348721145, 0.0, 0.0, -0.00498515363116434
72, -0.003391367314278772, 0.008949720780769485, -0.005282296224735798, 0.0, 0.0, -0.005240144225207404
73, -0.0032702762338686145, 0.008833868648564298, -0.005302405075998675, 0.0, 0.0, -0.0054912022073649565
74, -0.003139807071442461, 0.00870694371019787, -0.005320898763309851, 0.0, 0.0, -0.005737763474309302
75, -0.003000145088508816, 0.008569130147573722, -0.00533777165331302, 0.0, 0.0, -0.0059792730329581035
76, -0.0028515009222115713, 0.008420638034789011, -0.005353018606362434, 0.0, 0.0, -0.006215186484870673
77, -0.0026941100604318657, 0.008261702813407908, -0.005366634978088494, 0.0, 0.0, -0.006444971482595588
78, -0.002528232248705375, 0.008092584699392981, -0.005378616620812469, 0.0, 0.0, -0.006668109153988796
79, -0.0023541508305646676, 0.007913568023304264, -0.005388959884809915, 0.0, 0.0, -0.006884095490608889
80, -0.002172172023098812, 0.007724960505558208, -0.005397661619422421, 0.0, 0.0, -0.007092442696394277
81, -0.0019826241296999236, 0.007527092468716292, -0.005404719174017329, 0.0, 0.0, -0.0072926804929356924
82, -0.0017858566921386547, 0.00732031598894546, -0.005410130398795142, 0.0, 0.0, -0.007484357377775985
83, -0.0015822395842768709, 0.007105003988958795, -0.005413893645444369, 0.0, 0.0, -0.00766704183229766
84, -0.0013721620498858178, 0.006881549274904974, -0.0054160077676436305, 0.0, 0.0, -0.007840323475896459
85, -0.001156031687191365, 0.00665036351982838, -0.005416472121410823, 0.0, 0.0, -0.00800381416328616
86, -0.0009342733829138897, 0.006411876196467755, -0.005415286565299288, 0.0, 0.0, -0.008157149021935392
87, -0.0007073281987089679, 0.006166533462299944, -0.0054124514604409054, 0.0, 0.0, -0.008299987426800914
88, -0.0004756522130454766, 0.005914796999865767, -0.005407967670436077, 0.0, 0.0, -0.008432013909693463
89, -0.00023971532168001167, 0.00565714281553737, -0.005401836561090677, 0.0, 0.0, -0.008552939000791017
90, -8.952838470577262e-19, 0.00539406, -0.00539406, 0.0, 0.0, -0.0086625
91, 0.00024299996938747037, 0.005126049453825738, -0.005384640355979892, 0.0, 0.0, -0.00876046167605694
92, 0.0004887808003487527, 0.004853622581612205, -0.00537358049834517, 0.0, 0.0, -0.008846616891460716
93, 0.0007368300346404694, 0.004577299958245066, -0.005360883796035608, 0.0, 0.0, -0.008920787151528563
94, 0.0009866278974158481, 0.0042976099709193015, -0.0053465541165897265, 0.0, 0.0, -0.008982823076076613
95, 0.001237648673120106, 0.004015087440620401, -0.0053305958249667, 0.0, 0.0, -0.009032604792437454
96, 0.0014893620980185773, 0.0037302722268226433, -0.005313013782216746, 0.0, 0.0, -0.009070042248742497
97, 0.0017412347655554753, 0.0034437078192073797, -0.00529381334400041, 0.0, 0.0, -0.009095075446615114
98, 0.0019927315407059143, 0.0031559399202395902, -0.0052730003589571695, 0.0, 0.0, -0.009107674592641035
99, 0.002243316979459137, 0.002867515022465712, -0.0052505811669238895, 0.0, 0.0, -0.00910784016820484
100, 0.002492456749556569, 0.0025789789844100973, -0.005226562597003641, 0.0, 0.0, -0.009095602917504662
101, 0.002739619048604905, 0.0022908756089509096, -0.0052009519654854985, 0.0, 0.0, -0.009071023753781271
102, 0.002984276015691399, 0.0020037452280493783, -0.005173757073615915, 0.0, 0.0, -0.009034193584021386
103, 0.0032259051326461985, 0.00171812329768865, -0.005144986205222398, 0.0, 0.0, -0.0089852330526183
104, 0.0034639906111249242, 0.0014345390068502381, -0.005114648124190171, 0.0, 0.0, -0.008924292204694545
105, 0.0036980247617232555, 0.0011535139043174624, -0.005082752071792603, 0.0, 0.0, -0.008851550070011276
106, 0.0039275093413845144, 0.0008755605470461721, -0.0050493077638762455, 0.0, 0.0, -0.00876721416860631
107, 0.00415195687542056, 0.0006011811737836986, -0.005014325387901268, 0.0, 0.0, -0.008671519939516939
108, 0.004370891950535599, 0.0003308664075477604, -0.0049778155998382746, 0.0, 0.0, -0.008564730094154092
109, 0.004583852475322137, 6.509399049749442e-05, -0.004939789520922388, 0.0, 0.0, -0.008447133896100656
110, 0.004790390904786959, -0.00019567244535989884, -0.004900258734265614, 0.0, 0.0, -0.008319046369307916
111, 0.004990075425563662, -0.000450984568281952, -0.004859235281328508, 0.0, 0.0, -0.008180807436860178
112, 0.0051824910985758055, -0.0007004104944857351, -0.004816731658252243, 0.0, 0.0, -0.00803278099266743
113, 0.0053672409560311255, -0.0009435358903035892, -0.004772760812052145, 0.0, 0.0, -0.007875353908629429
114, 0.005543947049752366, -0.0011799650258037784, -0.004727336136673923, 0.0, 0.0, -0.007708934979991131
115, 0.005712251447983408, -0.0014093217770131043, -0.004680471468913741, 0.0, 0.0, -0.00753395381177843
116, 0.005871817177950411, -0.001631250574019589, -0.004632181084203378, 0.0, 0.0, -0.007350859649364266
117, 0.006022329111606248, -0.0018454172923817534, -0.004582479692261823, 0.0, 0.0, -0.007160120156368049
118, 0.006163494792141985, -0.002051510085426606, -0.004531382432614526, 0.0, 0.0, -0.006962220143235135
119, 0.0062950451990112935, -0.002249240155180387, -0.0044789048699817695, 0.0, 0.0, -0.0067576602499782755
120, 0.006416735449382179, -0.002438342459844689, -0.00442506298953749, 0.0, 0.0, -0.006546955586687764
121, 0.006528345434104172, -0.002618576355904272, -0.004369873192040049, 0.0, 0.0, -0.006330634335532917
122, 0.0066296803864587155, -0.0027897261731324066, -0.0043133522888364004, 0.0, 0.0, -0.006109236318082321
123, 0.006720571382144298, -0.002951601720943431, -0.004255517496741191, 0.0, 0.0, -0.005883311531865169
124, 0.006800875769136215, -0.0031040387247304214, -0.0041963864327923504, 0.0, 0.0, -0.0056534186601800195
125, 0.006870477526252906, -0.0032468991910179776, -0.004135977108884773, 0.0, 0.0, -0.005420123559230093
126, 0.006929287549455842, -0.0033800717004550803, -0.004074307926283719, 0.0, 0.0, -0.005183997726726278
127, 0.006977243865107993, -0.003503471627871033, -0.004011397670019612, 0.0, 0.0, -0.004945616756149194
128, 0.007014311769615713, -0.0036170412888172, -0.003947265503165936, 0.0, 0.0, -0.004705558780900922
129, 0.007040483895080525, -0.0037207500122190093, -0.0038819309610019764, 0.0, 0.0, -0.004464402912604057
130, 0.007055780200789851, -0.0038145941389650406, -0.003815413945062185, 0.0, 0.0, -0.004222727677821783
131, 0.0070602478905787205, -0.003898596946463118, -0.003747734717073983, 0.0, 0.0, -0.003981109457476398
132, 0.007053961256297493, -0.003972808499396278, -0.003678913892785838, 0.0, 0.0, -0.0037401209332360436
133, 0.00703702144782291, -0.004037305427113631, -0.003608972435687513, 0.0, 0.0, -0.0035003295451201616
134, 0.007009556170250882, -0.0040921906282923495, -0.003537931650624375, 0.0, 0.0, -0.003262295964542754
135, 0.006971719309108765, -0.004137592903706211, -0.0034658131773077443, 0.0, 0.0, -0.003026572586970286
136, 0.006923690484621949, -0.0041736665181332615, -0.0033926389837232182, 0.0, 0.0, -0.002793702048316627
137, 0.0068656745362637795, -0.004200590692629229, -0.0033184313594390204, 0.0, 0.0, -0.002564215769132357
138, 0.006797900939008627, -0.0042185690285842315, -0.0032432129088163703, 0.0, 0.0, -0.002338632530568958
139, 0.006720623152894986, -0.0042278288651672125, -0.003167006544123985, 0.0, 0.0, -0.0021174570860112898
140, 0.006634117907687847, -0.0042286205719449755, -0.00308983547855878, 0.0, 0.0, -0.0019011788121734976
141, 0.006538684424607386, -0.004221216778640464, -0.003011723219174895, 0.0, 0.0, -0.001690270403344994
142, 0.0064346435772631785, -0.004205911544166974, -0.0029326935597232336, 0.0, 0.0, -0.0014851866123548117
143, 0.006322336994099426, -0.004183019467241437, -0.0028527705734036376, 0.0, 0.0, -0.0012863630416939215
144, 0.0062021261048170245, -0.004152874741039964, -0.002771978605531977, 0.0, 0.0, -0.0010942149880977176
145, 0.006074391133391177, -0.004115830154511998, -0.0026903422661243084, 0.0, 0.0, -0.0009091363437436536
146, 0.0059395300404497765, -0.004072256043115647, -0.0026078864224004504, 0.0, 0.0, -0.000731498557063934
147, 0.005797957417916036, -0.0040225391918752365, -0.002524636191209166, 0.0, 0.0, -0.0005616496560090965
148, 0.005650103338949515, -0.003967081693792561, -0.002440616931377337, 0.0, 0.0, -0.0003999133364271981
149, 0.005496412166342046, -0.0039062997667658455, -0.0023558542359854253, 0.0, 0.0, -0.0002465881180443334
150, 0.005337341322638377, -0.0038406225322836114, -0.002270373924571558, 0.0, 0.0, -0.00010194657034670283
151, 0.005173360025356387, -0.003770490759265632, -0.0021842020352666625, 0.0, 0.0, 3.37653895273096e-05
152, 0.005004947990776729, -0.003696355576518341, -0.0020973648168629826, 0.0, 0.0, 0.00016032912497444295
153, 0.004832594109857916, -0.0036186771573578948, -0.002009888720818459, 0.0, 0.0, 0.00027755383248527493
154, 0.004656795099908796, -0.003537923380030352, -0.0019218003931993426, 0.0, 0.0, 0.0003852770170741735
155, 0.004478054135716758, -0.0034545684676245162, -0.0018331266665635615, 0.0, 0.0, 0.0004833648892917317
156, 0.004296879463885668, -0.0033690916112288608, -0.0017438945517872484, 0.0, 0.0, 0.000571712682746338
157, 0.0041137830041838176, -0.0032819755801300476, -0.0016541312298369727, 0.0, 0.0, 0.000650244891279488
158, 0.003929278941736929, -0.003193705322885462, -0.001563864043490162, 0.0, 0.0, 0.0007189154251600086
159, 0.0037438823139265063, -0.0031047665631273066, -0.0014731204890062106, 0.0, 0.0, 0.0007777076858845627
160, 0.0035581075958678126, -0.003015644393969825, -0.001381928207750872, 0.0, 0.0, 0.0008266345593950541
161, 0.0033724672883454496, -0.0029268218748949326, -0.0012903149777764107, 0.0, 0.0, 0.0008657383277475062
162, 0.003187470512077599, -0.002838778634984553, -0.001198308705360159, 0.0, 0.0, 0.000895090499490621
163, 0.003003621612162028, -0.0027519894863500707, -0.0011059374165039756, 0.0, 0.0, 0.0009147915592353443
164, 0.0028214187765292814, -0.0026669230515815484, -0.0010132292483972707, 0.0, 0.0, 0.0009249706371184038
165, 0.0026413526721893272, -0.002584040409000272, -0.0009202124408461322, 0.0, 0.0, 0.0009257850990826019
166, 0.002463905103009134, -0.002503793759449322, -0.0008269153276712112, 0.0, 0.0, 0.0009174200591138576
167, 0.0022895476926993795, -0.002426625118297646, -0.0007333663280769755, 0.0, 0.0, 0.0009000878147891204
168, 0.002118740596618924, -0.002352965036263536, -0.0006395939379949261, 0.0, 0.0, 0.0008740272076996579
169, 0.001951931245926624, -0.0022832313525842805, -0.0005456267214034801, 0.0, 0.0, 0.0008395029105203286
170, 0.0017895531275209896, -0.0022178279839698287, -0.00045149330162708753, 0.0, 0.0, 0.000796804642696678
171, 0.001632024603109882, -0.0021571437526798345, -0.0003572223526173078, 0.0, 0.0, 0.0007462463169175506
172, 0.0014797477706448789, -0.0021015512569560455, -0.00026284259021842795, 0.0, 0.0, 0.0006881651187307566
173, 0.0013331073712385818, -0.002051405786925484, -0.00016838276342035646, 0.0, 0.0, 0.0006229205218428022
174, 0.0011924697445581398, -0.0020070442889650463, -7.387164560138677e-05, 0.0, 0.0, 0.0005508932418200661
175, 0.001058181835555216, -0.001968784381384942, 2.066197423644621e-05, 0.0, 0.0, 0.00047248413107787773
176, 0.000930570255251509, -0.0019369234241473883, 0.00011518930023676728, 0.0, 0.0, 0.00038811301820496926
177, 0.0008099403981505979, -0.001911737645188624, 0.00020968153846037487, 0.0, 0.0, 0.0002982174948234888
178, 0.0006965756186914477, -0.001893481325756822, 0.0003041099056561344, 0.0, 0.0, 0.0002032516533287734
179, 0.0005907364689965804, -0.0018823860470162464, 0.00039844563802865463, 0.0, 0.0, 0.00010368477898772447
